{
 "cells": [
  {
   "cell_type": "code",
   "execution_count": 4,
   "metadata": {},
   "outputs": [
    {
     "name": "stdout",
     "output_type": "stream",
     "text": [
      "[6812232       0]\n",
      "[ 842536.8  262639.7]\n"
     ]
    },
    {
     "data": {
      "text/plain": [
       "array([[ 842604.92232,  262639.7    ],\n",
       "       [ 842604.92232,  262639.7    ]])"
      ]
     },
     "execution_count": 4,
     "metadata": {},
     "output_type": "execute_result"
    }
   ],
   "source": [
    "import numpy as np\n",
    "D = np.asarray(RD)\n",
    "F = np.asarray(RF)\n",
    "T = np.asarray(RT)\n",
    "U = np.asarray(RU)\n",
    "\n",
    "s = 0.00001\n",
    "a = 0.1\n",
    "w1 = 0.5\n",
    "w2 = 0.5\n",
    "\n",
    "# batch cities score of all  through k to all hubs\n",
    "# return a vector of the same size as cities\n",
    "def hc(source_cities, passed_hub, hubs):\n",
    "    print(F[cities, k]*D[cities, k])\n",
    "    print(a*F[k, hubs]*D[k, hubs])\n",
    "    n_cities = len(cities)\n",
    "    n_hubs = len(cities)\n",
    "    return s*(np.tile(F[cities,k]*D[cities,k].T, [k,1])) \\\n",
    "              + np.tile(a*F[k,hubs]*D[k,hubs], [k,1])\n",
    "\n",
    "def ht(i,k,m):\n",
    "    return T[i][k] + T[k][m]\n",
    "\n",
    "def hscore(i,k,m):\n",
    "    return w1*hc(i,k,m)+w2*ht(i,k,m)\n",
    "\n",
    "def city_hub_score(city, hub,allhubs=()):\n",
    "    return hscore(city, hub, allhubs).sum()\n",
    "\n",
    "def hub_score(hub, allhubs, allcities):\n",
    "    return sum([city_hub_score(c, hub, allhubs) for c in allcities])\n",
    "\n",
    "# hc(1,2,[3,4]) = array([76.547688, 70.748717])\n",
    "hc([1,2],2,[3,4])\n"
   ]
  },
  {
   "cell_type": "code",
   "execution_count": 1,
   "metadata": {
    "collapsed": true
   },
   "outputs": [],
   "source": [
    "RD= [[0,330,573,966,612,490,558,1046,893,895,768,633,732,677,671,837,1102,576,575,767,523,1168,487,674,809,688,206,725,785,899,191,620,69,939,901,1011,690,333,1149,375,828,356,674,389,883,186,531,871,743,287,205,730,925,791,729,706,875,428,1071,498,850,622,343,690,900,473,754,265,808,290,475,619,709,769,1048,1069,893,701,243,86,722],\n",
    "[330,0,903,648,636,757,888,766,1223,1225,1059,349,414,948,1001,1128,1399,785,700,1097,205,1439,283,548,529,979,150,711,679,665,320,950,399,1210,1231,731,889,437,1420,571,1099,686,1004,185,1213,164,296,1201,463,518,535,727,854,1062,753,388,899,414,1342,522,779,418,109,1020,582,612,1025,593,653,620,684,301,475,1040,768,751,1164,972,210,244,993],\n",
    "[573,903,0,1314,593,257,293,1256,352,322,211,1106,1299,424,171,274,529,388,501,226,1096,690,960,945,1133,145,779,885,1030,1472,764,170,565,461,328,1333,502,521,671,432,350,223,101,862,310,759,1104,371,1216,440,472,841,1097,313,676,1279,691,699,593,656,1022,1075,916,117,1439,475,496,365,1053,336,334,1192,1282,516,1367,1424,337,448,816,659,382],\n",
    "[966,648,1314,0,734,1057,1430,391,1652,1567,1359,359,234,1143,1430,1416,1687,982,826,1526,443,1634,501,369,183,1290,760,545,383,434,956,1379,1035,1405,1636,215,987,811,1615,945,1294,1115,1368,599,1618,812,518,1671,245,892,939,589,542,1257,754,331,919,615,1537,673,483,423,623,1425,232,839,1220,967,305,1128,980,369,428,1169,306,143,1359,1099,820,880,1188],\n",
    "[612,636,593,734,0,336,875,708,939,833,625,640,833,409,758,682,953,248,92,813,702,900,549,365,553,569,609,337,437,1145,705,757,639,671,915,753,253,348,881,308,560,560,647,469,897,529,797,958,750,363,441,293,549,523,131,889,263,222,803,114,474,495,719,704,966,196,486,418,460,629,259,802,986,435,787,844,625,365,669,629,454],\n",
    "[490,757,257,1057,336,0,544,999,603,530,313,905,1098,191,422,382,653,131,244,477,912,682,759,688,876,233,673,628,773,1366,681,421,483,453,579,1076,245,320,663,186,342,258,311,661,561,593,998,622,1015,277,346,584,840,305,419,1099,434,442,585,399,765,818,810,368,1238,218,268,225,796,369,77,1012,1176,283,1110,1167,407,215,733,576,236],\n",
    "[558,888,293,1430,875,544,0,1468,344,510,474,1191,1290,690,122,537,717,675,783,222,1081,919,1045,1061,1249,424,764,1112,1172,1457,749,130,489,724,446,1449,789,619,934,573,613,323,364,947,428,744,1089,313,1301,538,558,1109,1312,576,958,1264,978,815,856,877,1237,1180,901,294,1458,685,759,463,1195,376,616,1177,1267,803,1483,1540,600,735,801,644,645],\n",
    "[1046,766,1256,391,708,999,1468,0,1602,1479,1271,417,536,1055,1421,1328,1599,911,755,1476,561,1546,559,407,237,1232,878,371,334,770,1036,1417,1115,1317,1578,210,890,849,1527,966,1206,1153,1310,657,1560,880,656,1621,453,930,977,415,159,1169,580,633,745,653,1449,647,234,461,741,1367,568,854,1132,1005,343,1166,922,614,730,1072,119,343,1271,1002,938,960,1100],\n",
    "[893,1223,352,1652,939,603,344,1602,0,293,525,1426,1619,715,272,442,455,734,847,126,1416,664,1280,1283,1471,483,1099,1231,1376,1792,1084,293,833,685,130,1671,848,841,681,778,574,541,415,1182,156,1079,1424,99,1536,760,792,1187,1443,601,1022,1599,1037,1037,635,1002,1368,1413,1236,278,1759,821,784,685,1399,647,680,1512,1602,862,1705,1762,511,794,1136,979,670],\n",
    "[895,1225,322,1567,833,530,510,1479,293,0,246,1424,1617,424,396,151,207,659,774,288,1418,411,1278,1198,1386,297,1101,1108,1270,1794,1086,395,887,394,173,1586,670,839,428,705,283,545,221,1180,137,1081,1426,392,1534,762,794,1064,1320,310,899,1601,859,972,382,929,1245,1328,1238,224,1757,748,493,687,1293,658,607,1514,1604,582,1590,1677,220,558,1138,981,379],\n",
    "[768,1059,211,1359,625,313,474,1271,525,246,0,1207,1400,216,352,95,366,444,557,399,1214,479,1061,990,1178,80,974,900,1062,1667,959,351,760,250,417,1378,462,622,460,488,139,418,110,963,381,895,1299,544,1317,579,644,856,1112,102,691,1401,651,755,382,712,1037,1120,1111,251,1540,531,285,523,1085,531,390,1314,1477,374,1382,1469,126,350,1011,854,171],\n",
    "[633,349,1106,359,640,905,1191,417,1426,1424,1207,0,197,1049,1204,1276,1547,888,732,1300,144,1540,146,275,180,1127,461,544,382,509,623,1153,702,1311,1434,382,893,585,1521,719,1200,889,1205,244,1416,467,239,1445,114,666,713,588,557,1163,720,284,875,473,1443,579,482,145,324,1223,337,697,1126,741,304,902,832,197,381,1075,419,473,1265,1005,521,547,1094],\n",
    "[732,414,1299,234,833,1098,1290,536,1619,1617,1400,197,0,1242,1397,1469,1740,1081,925,1493,209,1733,339,468,328,1320,526,690,528,340,722,1346,801,1504,1627,410,1086,778,1714,912,1393,1082,1398,437,1609,578,284,1603,83,859,906,734,687,1356,899,97,1064,666,1636,772,628,338,389,1416,168,890,1319,934,450,1022,1025,135,194,1268,467,337,1458,1198,586,646,1287],\n",
    "[677,948,424,1143,409,191,690,1055,715,424,216,1049,1242,0,568,273,544,235,352,615,1103,491,950,774,962,296,864,684,846,1554,868,567,670,262,595,1162,246,511,472,377,151,445,326,852,559,784,1189,760,1159,468,533,640,896,114,475,1290,435,631,394,523,821,904,1001,467,1375,409,159,412,869,556,268,1203,1367,174,1166,1253,216,134,920,763,45],\n",
    "[671,1001,171,1430,758,422,122,1421,272,396,352,1204,1397,568,0,415,603,553,666,150,1194,805,1058,1061,1249,302,877,1050,1172,1570,862,51,611,602,374,1449,667,619,812,573,491,315,242,960,356,857,1202,241,1314,538,570,1006,1262,454,841,1377,856,815,734,821,1187,1191,1014,172,1537,640,637,463,1195,421,499,1290,1380,681,1483,1540,478,613,914,757,523],\n",
    "[837,1128,274,1416,682,382,537,1328,442,151,95,1276,1469,273,415,0,271,508,625,437,1283,420,1130,1047,1235,149,1043,957,1119,1736,1028,414,829,243,322,1435,519,691,437,557,132,487,173,1032,286,964,1368,541,1386,648,713,913,1169,159,748,1470,708,824,375,781,1094,1177,1180,310,1609,600,342,592,1142,600,459,1383,1546,431,1439,1526,69,407,1080,923,228],\n",
    "[1102,1399,529,1687,953,653,717,1599,455,207,366,1547,1740,544,603,271,0,779,866,495,1554,217,1401,1318,1506,420,1308,1228,1390,2001,1293,602,1094,320,325,1706,790,962,234,828,403,752,428,1303,336,1235,1633,554,1657,919,984,1184,1440,430,1019,1741,979,1095,188,1052,1365,1448,1445,431,1880,871,613,863,1413,865,730,1654,1811,702,1710,1797,340,678,1345,1188,499],\n",
    "[576,785,388,982,248,131,675,911,734,659,444,888,1081,235,553,508,779,0,156,608,922,716,769,613,801,364,701,540,685,1393,767,552,569,497,710,1001,114,348,707,214,386,389,442,689,692,621,1017,753,998,305,387,496,752,349,331,1109,303,442,629,334,677,743,838,499,1214,246,312,311,708,500,105,1022,1204,279,1022,1092,451,195,761,662,280],\n",
    "[575,700,501,826,92,244,783,755,847,774,557,732,925,352,666,625,866,156,0,721,766,843,613,457,645,477,630,384,529,1237,726,665,568,614,823,845,196,277,824,216,503,468,555,533,805,550,861,866,842,292,370,340,596,466,175,953,307,286,746,178,521,587,767,612,1058,104,429,326,552,537,167,866,1050,378,866,936,568,308,690,650,397],\n",
    "[767,1097,226,1526,813,477,222,1476,126,288,399,1300,1493,615,150,437,495,608,721,0,1290,697,1154,1157,1345,357,973,1105,1250,1666,958,167,711,649,224,1545,722,715,714,652,538,415,289,1056,206,953,1298,145,1410,634,666,1061,1317,501,896,1473,911,911,668,876,1242,1287,1110,152,1633,695,684,559,1273,521,554,1386,1476,736,1579,1636,506,668,1010,853,570],\n",
    "[523,205,1096,443,702,912,1081,561,1416,1418,1214,144,209,1103,1194,1283,1554,922,766,1290,0,1594,153,406,324,1134,317,688,526,474,513,1143,592,1365,1424,526,955,592,1575,726,1254,879,1197,251,1406,369,95,1394,258,673,720,729,701,1217,819,187,965,480,1497,588,626,276,180,1213,377,704,1180,748,448,813,839,100,284,1137,563,546,1319,1067,377,437,1148],\n",
    "[1168,1439,690,1634,900,682,919,1546,664,411,479,1540,1733,491,805,420,217,716,843,697,1594,0,1441,1265,1453,559,1355,1175,1337,2045,1359,804,1161,229,534,1653,737,1002,62,868,340,897,589,1343,545,1275,1680,763,1650,959,1024,1131,1387,377,966,1781,926,1122,140,1014,1312,1395,1492,633,1866,900,560,903,1360,1010,759,1694,1858,649,1657,1744,405,625,1411,1254,446],\n",
    "[487,283,960,501,549,759,1045,559,1280,1278,1061,146,339,950,1058,1130,1401,769,613,1154,153,1441,0,265,322,981,345,558,396,627,477,1007,556,1212,1288,524,802,439,1422,573,1101,743,1059,98,1270,321,248,1299,256,520,567,588,571,1064,666,340,812,327,1344,435,496,135,333,1077,479,551,1027,595,395,756,686,253,437,984,561,615,1166,914,405,401,995],\n",
    "[674,548,945,369,365,688,1061,407,1283,1198,990,275,468,774,1061,1047,1318,613,457,1157,406,1265,265,0,188,921,610,293,131,780,742,1010,743,1036,1267,388,618,442,1246,576,925,746,999,363,1249,586,501,1302,385,523,570,323,306,888,445,559,600,246,1168,304,231,130,586,1056,601,470,851,598,154,759,611,472,656,800,422,479,990,730,670,666,819],\n",
    "[809,529,1133,183,553,876,1249,237,1471,1386,1178,180,328,962,1249,1235,1506,801,645,1345,324,1453,322,188,0,1109,641,364,202,617,799,1198,878,1224,1455,202,806,630,1434,764,1113,934,1187,420,1437,643,419,1490,245,711,758,408,377,1076,573,425,738,434,1356,492,302,242,504,1244,415,658,1039,786,124,947,799,377,522,988,239,293,1178,918,701,723,1007],\n",
    "[688,979,145,1290,569,233,424,1232,483,297,80,1127,1320,296,302,149,420,364,477,357,1134,559,981,921,1109,0,894,861,996,1588,879,301,680,330,412,1310,478,542,539,408,219,338,78,883,394,815,1219,502,1237,499,564,817,1073,182,652,1321,667,675,462,632,998,1051,1031,219,1460,451,365,443,1029,451,310,1234,1397,454,1343,1401,206,424,931,774,251],\n",
    "[206,150,779,760,609,673,764,878,1099,1101,974,461,526,864,877,1043,1308,701,630,973,317,1355,345,610,641,894,0,722,741,693,196,826,275,1126,1107,843,815,353,1336,487,1015,562,880,247,1089,80,325,1077,575,434,411,727,916,978,726,500,872,425,1258,495,841,480,137,896,694,528,941,471,740,496,600,413,503,956,880,863,1080,888,64,120,909],\n",
    "[725,711,885,545,337,628,1112,371,1231,1108,900,544,690,684,1050,957,1228,540,384,1105,688,1175,558,293,364,861,722,0,162,979,818,1049,794,946,1207,564,519,493,1156,595,835,795,939,544,1189,642,783,1250,607,574,621,44,212,798,209,787,374,297,1078,276,137,423,794,996,777,483,761,649,240,810,551,741,884,701,482,655,900,631,782,742,729],\n",
    "[785,679,1030,383,437,773,1172,334,1376,1270,1062,382,528,846,1172,1119,1390,685,529,1250,526,1337,396,131,202,996,741,162,0,817,873,1121,854,1108,1352,402,681,553,1318,687,997,857,1084,494,1334,702,621,1395,445,634,681,206,175,960,371,625,536,357,1240,376,100,261,706,1141,615,581,923,709,78,870,696,579,722,863,436,493,1062,793,801,797,891],\n",
    "[899,665,1472,434,1145,1366,1457,770,1792,1794,1667,509,340,1554,1570,1736,2001,1393,1237,1666,474,2045,627,780,617,1588,693,979,817,0,889,1519,968,1816,1800,566,1398,1046,2026,1180,1705,1255,1573,725,1782,773,391,1770,395,1127,1104,1023,921,1668,1188,287,1353,954,1948,1062,917,650,556,1589,202,1178,1631,1164,739,1189,1293,374,190,1580,651,427,1770,1510,753,813,1599],\n",
    "[191,320,764,956,705,681,749,1036,1084,1086,959,623,722,868,862,1028,1293,767,726,958,513,1359,477,742,799,879,196,818,873,889,0,811,260,1130,1092,1002,881,449,1339,565,1019,547,865,379,1074,176,521,1062,733,478,396,823,1018,982,822,696,968,521,1262,591,943,612,333,881,890,624,945,456,872,481,666,609,699,960,1038,1059,1084,892,147,128,913],\n",
    "[620,950,170,1379,757,421,130,1417,293,395,351,1153,1346,567,51,414,602,552,665,167,1143,804,1007,1010,1198,301,826,1049,1121,1519,811,0,587,601,382,1398,666,568,811,522,490,264,241,909,364,806,1151,292,1263,487,519,1005,1261,453,840,1326,855,764,733,818,1186,1140,963,171,1486,611,636,412,1144,370,498,1239,1329,680,1432,1489,477,612,863,706,522],\n",
    "[69,399,565,1035,639,483,489,1115,833,887,760,702,801,670,611,829,1094,569,568,711,592,1161,556,743,878,680,275,794,854,968,260,587,0,932,893,1080,683,326,1142,368,821,348,666,458,875,255,600,802,812,280,198,799,994,784,743,775,872,497,1064,567,919,691,412,682,969,466,747,258,877,235,468,688,778,762,1117,1138,886,694,312,155,715],\n",
    "[939,1210,461,1405,671,453,724,1317,685,394,250,1311,1504,262,602,243,320,497,614,649,1365,229,1212,1036,1224,330,1126,946,1108,1816,1130,601,932,0,565,1424,508,773,210,639,111,668,360,1114,529,1046,1451,784,1421,730,795,902,1158,148,737,1552,697,893,132,785,1083,1166,1263,501,1637,671,331,674,1131,781,530,1465,1629,420,1428,1515,176,396,1182,1025,217],\n",
    "[901,1231,328,1636,915,579,446,1578,130,173,417,1434,1627,595,374,322,325,710,823,224,1424,534,1288,1267,1455,412,1107,1207,1352,1800,1092,382,893,565,0,1655,824,849,551,754,454,551,334,1190,36,1087,1432,229,1544,768,800,1163,1419,481,998,1607,1013,1021,505,978,1344,1397,1244,211,1767,797,664,693,1375,664,656,1520,1610,753,1689,1746,391,729,1144,987,550],\n",
    "[1011,731,1333,215,753,1076,1449,210,1671,1586,1378,382,410,1162,1449,1435,1706,1001,845,1545,526,1653,524,388,202,1310,843,564,402,566,1002,1398,1080,1424,1655,0,1006,830,1634,964,1313,1134,1387,622,1637,845,621,1690,327,911,958,608,361,1276,773,507,938,634,1556,692,436,442,706,1444,364,858,1239,986,324,1147,999,546,604,1188,91,139,1378,1118,903,925,1207],\n",
    "[690,889,502,987,253,245,789,890,848,670,462,893,1086,246,667,519,790,114,196,722,955,737,802,618,806,478,815,519,681,1398,881,666,683,508,824,1006,0,462,718,328,397,503,556,722,805,735,1050,867,1003,419,501,475,731,360,310,1142,189,475,640,367,656,748,952,613,1219,296,271,425,713,614,219,1055,1239,182,1001,1097,462,112,875,776,291],\n",
    "[333,437,521,811,348,320,619,849,841,839,622,585,778,511,619,691,962,348,277,715,592,1002,439,442,630,542,353,493,553,1046,449,568,326,773,849,830,462,0,983,134,662,304,620,341,831,273,678,860,695,81,128,498,693,625,452,779,584,196,905,266,618,572,490,638,918,175,588,156,576,317,247,692,856,603,864,921,727,535,413,373,556],\n",
    "[1149,1420,671,1615,881,663,934,1527,681,428,460,1521,1714,472,812,437,234,707,824,714,1575,62,1422,1246,1434,539,1336,1156,1318,2026,1339,811,1142,210,551,1634,718,983,0,849,321,878,570,1324,562,1256,1661,780,1631,940,1005,1112,1368,358,947,1762,907,1103,121,995,1293,1376,1473,650,1847,881,541,884,1341,991,740,1675,1839,630,1638,1725,386,606,1392,1235,427],\n",
    "[375,571,432,945,308,186,573,966,778,705,488,719,912,377,573,557,828,214,216,652,726,868,573,576,764,408,487,595,687,1180,565,522,368,639,754,964,328,134,849,0,528,258,486,475,736,407,812,797,829,91,173,551,807,491,391,913,517,330,771,319,732,706,624,543,1052,112,454,110,710,321,113,826,990,469,998,1055,593,401,547,461,422],\n",
    "[828,1099,350,1294,560,342,613,1206,574,283,139,1200,1393,151,491,132,403,386,503,538,1254,340,1101,925,1113,219,1015,835,997,1705,1019,490,821,111,454,1313,397,662,321,528,0,557,249,1003,418,935,1340,673,1310,619,684,791,1047,37,626,1441,586,782,243,674,972,1055,1152,390,1526,560,220,563,1020,670,419,1354,1518,309,1317,1404,65,285,1071,914,106],\n",
    "[356,686,223,1115,560,258,323,1153,541,545,418,889,1082,445,315,487,752,389,468,415,879,897,743,746,934,338,562,795,857,1255,547,264,348,668,551,1134,503,304,878,258,557,0,324,645,533,542,887,556,999,223,255,794,997,520,643,1062,692,500,800,562,922,876,699,340,1222,370,522,148,880,119,301,975,1065,537,1168,1225,544,469,599,442,490],\n",
    "[674,1004,101,1368,647,311,364,1310,415,221,110,1205,1398,326,242,173,428,442,555,289,1197,589,1059,999,1187,78,880,939,1084,1573,865,241,666,360,334,1387,556,620,570,486,249,324,0,961,316,860,1205,434,1315,541,573,895,1151,212,730,1380,745,753,492,710,1076,1129,1017,141,1538,529,395,466,1107,437,388,1293,1383,484,1421,1478,236,460,917,760,281],\n",
    "[389,185,862,599,469,661,947,657,1182,1180,963,244,437,852,960,1032,1303,689,533,1056,251,1343,98,363,420,883,247,544,494,725,379,909,458,1114,1190,622,722,341,1324,475,1003,645,961,0,1172,223,346,1201,354,422,469,560,659,966,586,438,732,247,1246,355,594,233,268,979,577,471,929,497,493,658,588,351,535,904,659,713,1068,834,307,303,897],\n",
    "[883,1213,310,1618,897,561,428,1560,156,137,381,1416,1609,559,356,286,336,692,805,206,1406,545,1270,1249,1437,394,1089,1189,1334,1782,1074,364,875,529,36,1637,805,831,562,736,418,533,316,1172,0,1069,1414,255,1526,750,782,1145,1401,445,980,1589,994,1003,516,960,1326,1379,1226,193,1749,779,628,675,1357,646,638,1502,1592,717,1671,1728,355,693,1126,969,514],\n",
    "[186,164,759,812,529,593,744,880,1079,1081,895,467,578,784,857,964,1235,621,550,953,369,1275,321,586,643,815,80,642,702,773,176,806,255,1046,1087,845,735,273,1256,407,935,542,860,223,1069,0,405,1057,577,354,391,647,842,898,646,552,792,345,1178,415,767,456,217,876,746,448,861,429,716,476,520,465,583,876,882,915,1000,808,140,100,829],\n",
    "[531,296,1104,518,797,998,1089,656,1424,1426,1299,239,284,1189,1202,1368,1633,1017,861,1298,95,1680,248,501,419,1219,325,783,621,391,521,1151,600,1451,1432,621,1050,678,1661,812,1340,887,1205,346,1414,405,0,1402,353,759,736,824,796,1303,914,230,1060,575,1583,683,721,371,188,1221,452,799,1266,796,543,821,925,149,201,1232,658,621,1405,1162,385,445,1234],\n",
    "[871,1201,371,1671,958,622,313,1621,99,392,544,1445,1603,760,241,541,554,753,866,145,1394,763,1299,1302,1490,502,1077,1250,1395,1770,1062,292,802,784,229,1690,867,860,780,797,673,556,434,1201,255,1057,1402,0,1555,779,811,1206,1462,646,1041,1577,1056,1056,734,1021,1387,1432,1214,297,1771,840,829,704,1418,662,699,1490,1580,881,1724,1781,610,813,1114,957,715],\n",
    "[743,463,1216,245,750,1015,1301,453,1536,1534,1317,114,83,1159,1314,1386,1657,998,842,1410,258,1650,256,385,245,1237,575,607,445,395,733,1263,812,1421,1544,327,1003,695,1631,829,1310,999,1315,354,1526,577,353,1555,0,776,823,651,604,1273,816,180,981,583,1553,689,545,255,438,1333,223,807,1236,851,367,1012,942,218,277,1185,384,388,1375,1115,635,657,1204],\n",
    "[287,518,440,892,363,277,538,930,760,762,579,666,859,468,538,648,919,305,292,634,673,959,520,523,711,499,434,574,634,1127,478,487,280,730,768,911,419,81,940,91,619,223,541,422,750,354,759,779,776,0,82,571,774,582,467,860,599,277,862,339,699,653,571,557,999,190,545,75,657,271,204,773,937,560,945,1002,684,492,494,373,513],\n",
    "[205,535,472,939,441,346,558,977,792,794,644,713,906,533,570,713,984,387,370,666,720,1024,567,570,758,564,411,621,681,1104,396,519,198,795,800,958,501,128,1005,173,684,255,573,469,782,391,736,811,823,82,0,626,821,647,545,907,677,324,927,394,746,700,548,589,1046,268,610,121,704,189,286,820,914,625,992,1049,749,557,448,291,578],\n",
    "[730,727,841,589,293,584,1109,415,1187,1064,856,588,734,640,1006,913,1184,496,340,1061,729,1131,588,323,408,817,727,44,206,1023,823,1005,799,902,1163,608,475,498,1112,551,791,794,895,560,1145,647,824,1206,651,571,626,0,256,754,165,831,330,313,1034,232,181,453,810,952,821,439,717,646,284,815,507,785,928,657,526,699,856,587,787,747,685],\n",
    "[925,854,1097,542,549,840,1312,159,1443,1320,1112,557,687,896,1262,1169,1440,752,596,1317,701,1387,571,306,377,1073,916,212,175,921,1018,1261,994,1158,1419,361,731,693,1368,807,1047,997,1151,659,1401,842,796,1462,604,774,821,256,0,1010,421,784,586,497,1290,488,75,436,881,1208,719,695,973,849,253,1010,763,754,881,913,270,494,1112,843,976,942,941],\n",
    "[791,1062,313,1257,523,305,576,1169,601,310,102,1163,1356,114,454,159,430,349,466,501,1217,377,1064,888,1076,182,978,798,960,1668,982,453,784,148,481,1276,360,625,358,491,37,520,212,966,445,898,1303,646,1273,582,647,754,1010,0,589,1404,549,745,280,637,935,1018,1115,353,1489,523,183,526,983,633,382,1317,1481,272,1280,1367,102,248,1034,877,69],\n",
    "[729,753,676,754,131,419,958,580,1022,899,691,720,899,475,841,748,1019,331,175,896,819,966,666,445,573,652,726,209,371,1188,822,840,743,737,998,773,310,452,947,391,626,643,730,586,980,646,914,1041,816,467,545,165,421,589,0,996,165,339,869,231,346,575,836,787,986,279,552,501,449,712,342,917,1093,492,691,864,691,422,786,746,520],\n",
    "[706,388,1279,331,889,1099,1264,633,1599,1601,1401,284,97,1290,1377,1470,1741,1109,953,1473,187,1781,340,559,425,1321,500,787,625,287,696,1326,775,1552,1607,507,1142,779,1762,913,1441,1062,1380,438,1589,552,230,1577,180,860,907,831,784,1404,996,0,1152,667,1684,775,725,429,363,1396,265,891,1367,935,547,996,1026,87,97,1324,564,434,1506,1254,560,620,1335],\n",
    "[875,899,691,919,263,434,978,745,1037,859,651,875,1064,435,856,708,979,303,307,911,965,926,812,600,738,667,872,374,536,1353,968,855,872,697,1013,938,189,584,907,517,586,692,745,732,994,792,1060,1056,981,599,677,330,586,549,165,1152,0,485,829,377,511,730,982,802,1151,411,460,614,614,803,408,1065,1249,371,856,1029,651,301,932,892,480],\n",
    "[428,414,699,615,222,442,815,653,1037,972,755,473,666,631,815,824,1095,442,286,911,480,1122,327,246,434,675,425,297,357,954,521,764,497,893,1021,634,475,196,1103,330,782,500,753,247,1003,345,575,1056,583,277,324,313,497,745,339,667,485,0,1025,108,422,376,497,810,806,224,708,352,380,513,365,580,764,657,668,725,847,587,485,445,676],\n",
    "[1071,1342,593,1537,803,585,856,1449,635,382,382,1443,1636,394,734,375,188,629,746,668,1497,140,1344,1168,1356,462,1258,1078,1240,1948,1262,733,1064,132,505,1556,640,905,121,771,243,800,492,1246,516,1178,1583,734,1553,862,927,1034,1290,280,869,1684,829,1025,0,917,1215,1298,1395,604,1769,803,463,806,1263,913,662,1597,1761,552,1560,1647,308,528,1314,1157,349],\n",
    "[498,522,656,673,114,399,877,647,1002,929,712,579,772,523,821,781,1052,334,178,876,588,1014,435,304,492,632,495,276,376,1062,591,818,567,785,978,692,367,266,995,319,674,562,710,355,960,415,683,1021,689,339,394,232,488,637,231,775,377,108,917,0,413,434,605,767,905,207,600,414,399,583,322,688,872,549,726,783,739,479,555,515,568],\n",
    "[850,779,1022,483,474,765,1237,234,1368,1245,1037,482,628,821,1187,1094,1365,677,521,1242,626,1312,496,231,302,998,841,137,100,917,943,1186,919,1083,1344,436,656,618,1293,732,972,922,1076,594,1326,767,721,1387,545,699,746,181,75,935,346,725,511,422,1215,413,0,361,806,1133,715,620,898,774,178,935,688,679,822,838,345,569,1037,768,901,867,866],\n",
    "[622,418,1075,423,495,818,1180,461,1413,1328,1120,145,338,904,1191,1177,1448,743,587,1287,276,1395,135,130,242,1051,480,423,261,650,612,1140,691,1166,1397,442,748,572,1376,706,1055,876,1129,233,1379,456,371,1432,255,653,700,453,436,1018,575,429,730,376,1298,434,361,0,456,1186,478,600,981,728,260,889,741,342,526,930,476,533,1120,860,540,536,949],\n",
    "[343,109,916,623,719,810,901,741,1236,1238,1111,324,389,1001,1014,1180,1445,838,767,1110,180,1492,333,586,504,1031,137,794,706,556,333,963,412,1263,1244,706,952,490,1473,624,1152,699,1017,268,1226,217,188,1214,438,571,548,810,881,1115,836,363,982,497,1395,605,806,456,0,1033,557,665,1078,608,628,633,737,276,366,1093,743,726,1217,1025,197,257,1046],\n",
    "[690,1020,117,1425,704,368,294,1367,278,224,251,1223,1416,467,172,310,431,499,612,152,1213,633,1077,1056,1244,219,896,996,1141,1589,881,171,682,501,211,1444,613,638,650,543,390,340,141,979,193,876,1221,297,1333,557,589,952,1208,353,787,1396,802,810,604,767,1133,1186,1033,0,1556,586,536,482,1164,453,445,1309,1399,625,1478,1535,377,559,933,776,422],\n",
    "[900,582,1439,232,966,1238,1458,568,1759,1757,1540,337,168,1375,1537,1609,1880,1214,1058,1633,377,1866,479,601,415,1460,694,777,615,202,890,1486,969,1637,1767,364,1219,918,1847,1052,1526,1222,1538,577,1749,746,452,1771,223,999,1046,821,719,1489,986,265,1151,806,1769,905,715,478,557,1556,0,1030,1452,1074,537,1190,1165,303,362,1401,449,225,1591,1331,754,814,1420],\n",
    "[473,612,475,839,196,218,685,854,821,748,531,697,890,409,640,600,871,246,104,695,704,900,551,470,658,451,528,483,581,1178,624,611,466,671,797,858,296,175,881,112,560,370,529,471,779,448,799,840,807,190,268,439,695,523,279,891,411,224,803,207,620,600,665,586,1030,0,486,222,604,433,141,804,988,478,892,949,625,408,588,548,454],\n",
    "[754,1025,496,1220,486,268,759,1132,784,493,285,1126,1319,159,637,342,613,312,429,684,1180,560,1027,851,1039,365,941,761,923,1631,945,636,747,331,664,1239,271,588,541,454,220,522,395,929,628,861,1266,829,1236,545,610,717,973,183,552,1367,460,708,463,600,898,981,1078,536,1452,486,0,489,946,633,345,1280,1444,89,1243,1330,285,173,997,840,114],\n",
    "[265,593,365,967,418,225,463,1005,685,687,523,741,934,412,463,592,863,311,326,559,748,903,595,598,786,443,471,649,709,1164,456,412,258,674,693,986,425,156,884,110,563,148,466,497,675,429,796,704,851,75,121,646,849,526,501,935,614,352,806,414,774,728,608,482,1074,222,489,0,732,211,210,848,974,504,1020,1077,628,436,508,351,457],\n",
    "[808,653,1053,305,460,796,1195,343,1399,1293,1085,304,450,869,1195,1142,1413,708,552,1273,448,1360,395,154,124,1029,740,240,78,739,872,1144,877,1131,1375,324,713,576,1341,710,1020,880,1107,493,1357,716,543,1418,367,657,704,284,253,983,449,547,614,380,1263,399,178,260,628,1164,537,604,946,732,0,893,719,501,644,895,358,415,1085,825,800,796,914],\n",
    "[290,620,336,1128,629,369,376,1166,647,658,531,902,1022,556,421,600,865,500,537,521,813,1010,756,759,947,451,496,810,870,1189,481,370,235,781,664,1147,614,317,991,321,670,119,437,658,646,476,821,662,1012,271,189,815,1010,633,712,996,803,513,913,583,935,889,633,453,1190,433,633,211,893,0,412,909,999,648,1181,1238,657,580,533,376,601],\n",
    "[475,684,334,980,259,77,616,922,680,607,390,832,1025,268,499,459,730,105,167,554,839,759,686,611,799,310,600,551,696,1293,666,498,468,530,656,999,219,247,740,113,419,301,388,588,638,520,925,699,942,204,286,507,763,382,342,1026,408,365,662,322,688,741,737,445,1165,141,345,210,719,412,0,939,1103,360,1033,1090,484,292,660,561,313],\n",
    "[619,301,1192,369,802,1012,1177,614,1512,1514,1314,197,135,1203,1290,1383,1654,1022,866,1386,100,1694,253,472,377,1234,413,741,579,374,609,1239,688,1465,1520,546,1055,692,1675,826,1354,975,1293,351,1502,465,149,1490,218,773,820,785,754,1317,917,87,1065,580,1597,688,679,342,276,1309,303,804,1280,848,501,909,939,0,184,1237,602,472,1419,1167,473,533,1248],\n",
    "[709,475,1282,428,986,1176,1267,730,1602,1604,1477,381,194,1367,1380,1546,1811,1204,1050,1476,284,1858,437,656,522,1397,503,884,722,190,699,1329,778,1629,1610,604,1239,856,1839,990,1518,1065,1383,535,1592,583,201,1580,277,937,914,928,881,1481,1093,97,1249,764,1761,872,822,526,366,1399,362,988,1444,974,644,999,1103,184,0,1421,661,531,1583,1351,563,623,1412],\n",
    "[769,1040,516,1169,435,283,803,1072,862,582,374,1075,1268,174,681,431,702,279,378,736,1137,649,984,800,988,454,956,701,863,1580,960,680,762,420,753,1188,182,603,630,469,309,537,484,904,717,876,1232,881,1185,560,625,657,913,272,492,1324,371,657,552,549,838,930,1093,625,1401,478,89,504,895,648,360,1237,1421,0,1183,1279,374,84,1012,855,203],\n",
    "[1048,768,1367,306,787,1110,1483,119,1705,1590,1382,419,467,1166,1483,1439,1710,1022,866,1579,563,1657,561,422,239,1343,880,482,436,651,1038,1432,1117,1428,1689,91,1001,864,1638,998,1317,1168,1421,659,1671,882,658,1724,384,945,992,526,270,1280,691,564,856,668,1560,726,345,476,743,1478,449,892,1243,1020,358,1181,1033,602,661,1183,0,224,1382,1113,940,962,1211],\n",
    "[1069,751,1424,143,844,1167,1540,343,1762,1677,1469,473,337,1253,1540,1526,1797,1092,936,1636,546,1744,615,479,293,1401,863,655,493,427,1059,1489,1138,1515,1746,139,1097,921,1725,1055,1404,1225,1478,713,1728,915,621,1781,388,1002,1049,699,494,1367,864,434,1029,725,1647,783,569,533,726,1535,225,949,1330,1077,415,1238,1090,472,531,1279,224,0,1469,1209,923,983,1298],\n",
    "[893,1164,337,1359,625,407,600,1271,511,220,126,1265,1458,216,478,69,340,451,568,506,1319,405,1166,990,1178,206,1080,900,1062,1770,1084,477,886,176,391,1378,462,727,386,593,65,544,236,1068,355,1000,1405,610,1375,684,749,856,1112,102,691,1506,651,847,308,739,1037,1120,1217,377,1591,625,285,628,1085,657,484,1419,1583,374,1382,1469,0,350,1136,979,171],\n",
    "[701,972,448,1099,365,215,735,1002,794,558,350,1005,1198,134,613,407,678,195,308,668,1067,625,914,730,918,424,888,631,793,1510,892,612,694,396,729,1118,112,535,606,401,285,469,460,834,693,808,1162,813,1115,492,557,587,843,248,422,1254,301,587,528,479,768,860,1025,559,1331,408,173,436,825,580,292,1167,1351,84,1113,1209,350,0,944,787,179],\n",
    "[243,210,816,820,669,733,801,938,1136,1138,1011,521,586,920,914,1080,1345,761,690,1010,377,1411,405,670,701,931,64,782,801,753,147,863,312,1182,1144,903,875,413,1392,547,1071,599,917,307,1126,140,385,1114,635,494,448,787,976,1034,786,560,932,485,1314,555,901,540,197,933,754,588,997,508,800,533,660,473,563,1012,940,923,1136,944,0,157,965],\n",
    "[86,244,659,880,629,576,644,960,979,981,854,547,646,763,757,923,1188,662,650,853,437,1254,401,666,723,774,120,742,797,813,128,706,155,1025,987,925,776,373,1235,461,914,442,760,303,969,100,445,957,657,373,291,747,942,877,746,620,892,445,1157,515,867,536,257,776,814,548,840,351,796,376,561,533,623,855,962,983,979,787,157,0,808],\n",
    "[722,993,382,1188,454,236,645,1100,670,379,171,1094,1287,45,523,228,499,280,397,570,1148,446,995,819,1007,251,909,729,891,1599,913,522,715,217,550,1207,291,556,427,422,106,490,281,897,514,829,1234,715,1204,513,578,685,941,69,520,1335,480,676,349,568,866,949,1046,422,1420,454,114,457,914,601,313,1248,1412,203,1211,1298,171,179,965,808,0],\n",
    "];\n",
    "\n",
    "RT = [[0,300,578,953,548,479,534,967,876,910,733,599,730,589,603,812,1063,565,527,742,512,931,458,643,771,654,175,686,699,844,139,576,48,782,923,989,678,268,927,341,705,331,683,357,908,151,511,845,719,244,163,699,836,680,661,710,830,431,892,491,760,531,310,701,891,425,674,238,747,237,456,608,695,703,1014,1039,775,641,190,61,635],\n",
    "[300,0,871,680,571,687,833,694,1169,1192,984,326,428,801,896,1039,1276,708,620,1035,211,1144,184,353,498,919,144,532,493,652,338,869,349,995,1216,714,793,375,1140,514,918,624,976,116,1201,152,318,1138,417,445,457,584,571,893,613,409,782,357,1104,467,569,257,115,995,589,526,886,525,457,530,629,306,503,915,741,766,987,848,201,241,847],\n",
    "[578,871,0,1393,605,279,269,1271,337,332,212,1137,1301,371,165,265,545,411,511,218,1083,477,995,984,1178,146,746,898,984,1415,707,158,547,328,344,1388,493,555,473,420,334,247,104,895,330,728,1081,358,1259,478,487,847,1120,304,690,1281,710,721,437,666,1043,1044,881,123,1462,484,456,402,1072,361,336,1179,1266,485,1360,1478,310,424,806,634,363],\n",
    "[953,680,1393,0,806,1118,1457,351,1726,1623,1416,353,233,1233,1467,1471,1707,1061,900,1592,468,1575,503,408,219,1361,816,564,417,361,991,1440,1002,1426,1738,164,1060,872,1571,1011,1349,1197,1444,596,1723,823,504,1710,237,950,1000,615,429,1324,771,312,940,672,1536,727,481,452,667,1516,199,909,1264,1030,336,1179,1056,382,401,1203,257,109,1419,1207,874,894,1279],\n",
    "[548,571,605,806,0,331,801,686,943,821,614,572,761,431,765,669,905,260,90,837,652,774,513,397,591,574,593,334,397,1015,646,737,549,624,950,801,254,287,769,283,547,549,656,471,936,515,752,965,673,330,408,248,535,522,117,827,243,201,734,109,459,494,666,729,902,161,504,391,485,587,269,748,915,486,773,891,617,401,653,559,477],\n",
    "[479,687,279,1118,331,0,516,1003,616,525,317,870,1080,134,442,372,609,129,242,510,867,477,729,716,910,247,647,630,716,1303,608,414,480,328,624,1120,228,317,473,176,251,289,330,664,609,575,968,638,992,272,357,578,852,226,422,1066,467,453,437,398,774,776,782,402,1220,209,215,249,803,402,61,963,1153,247,1092,1209,320,176,707,535,180],\n",
    "[534,833,269,1457,801,516,0,1378,376,516,477,1131,1262,608,112,524,750,648,740,229,1045,736,990,1049,1243,426,707,1048,1089,1377,669,112,486,587,474,1453,730,585,732,536,593,259,363,889,459,689,1043,316,1251,507,481,1045,1227,590,919,1243,947,785,696,838,1150,1063,842,288,1423,639,693,432,1153,302,573,1140,1228,723,1448,1543,569,661,768,596,622],\n",
    "[967,694,1271,351,686,1003,1378,0,1609,1463,1255,380,463,1072,1388,1310,1547,926,760,1503,519,1415,517,345,205,1240,853,373,311,691,1005,1360,1015,1266,1616,172,896,792,1411,931,1189,1117,1322,609,1602,831,606,1630,375,870,921,424,150,1164,580,532,749,592,1375,607,228,425,718,1395,520,812,1073,950,236,1099,935,512,620,1012,98,317,1258,1043,913,907,1118],\n",
    "[876,1169,337,1726,943,616,376,1609,0,251,449,1434,1598,624,288,401,423,748,848,133,1381,607,1293,1317,1511,419,1044,1236,1322,1713,1005,305,842,476,106,1721,831,853,641,750,535,544,348,1192,130,1025,1379,107,1557,775,785,1185,1458,557,1028,1579,1048,1054,536,1004,1381,1369,1179,217,1760,821,711,700,1409,649,674,1476,1564,774,1698,1811,458,756,1104,932,590],\n",
    "[910,1192,332,1623,821,525,516,1463,251,0,248,1369,1579,390,412,145,194,621,741,307,1366,386,1228,1215,1408,309,1078,1090,1215,1748,1039,414,879,234,191,1619,643,816,420,681,276,579,228,1163,150,1060,1414,358,1491,771,819,1038,1312,326,882,1564,836,952,305,897,1234,1275,1213,224,1719,714,477,734,1302,693,566,1462,1599,540,1562,1708,202,522,1138,966,357],\n",
    "[733,984,212,1416,614,317,477,1255,449,248,0,1162,1371,183,373,96,376,414,534,363,1159,346,1020,1007,1201,73,901,882,1007,1571,862,375,734,177,437,1411,436,609,341,473,99,448,107,956,396,867,1237,497,1283,563,618,831,1104,116,674,1357,628,744,306,689,1027,1067,1036,231,1512,507,270,504,1095,562,359,1255,1422,333,1355,1501,115,315,961,789,149],\n",
    "[599,326,1137,353,572,870,1131,380,1434,1369,1162,0,204,979,1176,1216,1453,827,667,1301,146,1321,139,174,171,1107,485,411,272,453,637,1149,647,1172,1481,388,826,588,1317,727,1095,906,1190,242,1467,468,234,1418,119,659,688,462,335,1070,583,243,751,438,1282,493,366,108,346,1260,350,655,1063,739,221,829,802,172,342,1014,426,439,1165,973,546,540,1025],\n",
    "[730,428,1301,233,761,1080,1262,463,1598,1579,1371,204,0,1188,1326,1426,1662,1016,856,1465,216,1531,359,363,261,1317,568,600,477,247,767,1298,778,1382,1645,374,1015,799,1526,938,1305,1054,1399,452,1631,599,253,1567,85,869,887,651,511,1280,772,78,940,627,1491,683,542,407,419,1424,160,865,1265,949,396,960,1012,133,151,1203,463,316,1374,1163,625,670,1234],\n",
    "[589,801,371,1233,431,134,608,1072,624,390,183,979,1188,0,535,238,474,202,350,546,976,342,837,824,1018,187,756,699,824,1411,718,507,590,193,580,1228,253,426,338,290,116,398,269,773,539,684,1076,680,1100,380,466,648,921,91,491,1174,445,561,303,506,844,884,891,414,1328,323,117,359,911,512,176,1071,1262,149,1171,1318,186,132,817,645,46],\n",
    "[603,896,165,1467,765,442,112,1388,288,412,373,1176,1326,535,0,420,646,574,674,142,1108,632,1035,1059,1253,311,771,1058,1099,1440,732,29,563,483,386,1463,656,595,628,519,489,272,257,934,372,753,1107,238,1299,517,512,1010,1237,486,853,1306,873,873,592,809,1160,1111,906,183,1487,603,619,442,1163,369,499,1204,1291,649,1458,1553,465,587,831,659,518],\n",
    "[812,1039,265,1471,669,372,524,1310,401,145,96,1216,1426,238,420,0,279,469,588,356,1214,223,1075,1062,1256,151,980,937,1062,1649,941,422,813,139,341,1466,491,664,218,528,116,513,159,1011,301,922,1314,490,1338,618,696,886,1159,166,729,1412,683,799,197,744,1082,1122,1114,240,1566,561,325,582,1149,627,414,1309,1500,388,1409,1556,56,370,1040,868,204],\n",
    "[1063,1276,545,1707,905,609,750,1547,423,194,376,1453,1662,474,646,279,0,705,825,541,1450,223,1312,1299,1492,437,1231,1173,1298,1886,1192,648,1064,293,292,1703,727,900,241,765,360,793,740,1247,271,1158,1551,531,1574,855,940,1122,1396,410,966,1648,920,1035,156,980,1318,1359,1366,461,1803,798,561,833,1386,906,650,1546,1736,624,1646,1792,336,606,1291,1119,440],\n",
    "[565,708,411,1061,260,129,648,926,748,621,414,827,1016,202,574,469,705,0,144,642,827,573,688,652,846,379,690,553,652,1263,695,546,566,424,756,1057,109,354,569,227,347,426,762,627,741,612,927,770,928,317,403,502,775,322,345,1025,271,412,534,334,697,735,803,534,1157,173,245,335,740,540,113,923,1113,215,1025,1146,417,144,750,622,277],\n",
    "[527,620,511,900,90,242,740,760,848,741,534,667,856,350,674,588,825,144,0,742,701,693,562,492,686,479,609,387,492,1109,629,646,527,544,856,896,182,262,689,217,467,488,562,520,841,530,801,870,768,274,364,335,609,442,173,899,222,261,653,179,531,584,715,634,996,101,424,330,579,542,174,797,987,416,859,976,537,321,669,541,396],\n",
    "[742,1035,218,1592,837,510,229,1503,133,307,363,1301,1465,546,142,356,541,642,742,0,1248,580,1160,1184,1377,331,910,1130,1216,1580,871,169,709,431,231,1588,725,719,575,617,480,411,261,1059,216,892,1246,129,1423,642,651,1078,1352,480,922,1445,942,920,540,898,1274,1236,1245,131,1626,701,633,567,1288,515,567,1343,1431,696,1583,1677,413,656,970,799,513],\n",
    "[512,211,1083,468,652,867,1045,519,1381,1366,1159,146,216,976,1108,1214,1450,827,701,1248,0,1318,146,301,312,1104,350,537,450,438,550,1081,561,1169,1428,528,883,583,1314,722,1092,836,1187,236,1414,382,100,1350,199,653,669,589,483,1067,666,189,835,439,1279,547,514,206,197,1207,381,652,1061,733,369,742,799,98,288,1090,566,537,1162,1023,408,453,1022],\n",
    "[931,1144,477,1575,774,477,736,1415,607,386,346,1321,1531,342,632,223,223,573,693,580,1318,0,1180,1167,1361,392,1099,1042,1167,1754,1060,634,932,161,499,1571,596,769,65,633,229,741,372,1115,537,1027,1419,715,1443,723,809,991,1264,278,834,1517,788,904,122,849,1186,1227,1234,468,1671,666,430,702,1254,855,518,1414,1605,493,1514,1661,167,475,1159,988,309],\n",
    "[458,184,995,503,513,729,990,517,1293,1228,1020,139,359,837,1035,1075,1312,688,562,1160,146,1180,0,168,321,966,344,399,282,582,495,1007,506,1031,1340,537,744,447,1176,586,954,764,1048,100,1326,327,246,1277,271,517,546,450,386,929,528,344,696,301,1140,409,436,72,254,1119,499,513,922,597,272,688,661,242,432,951,563,588,1023,884,404,398,883],\n",
    "[643,353,984,408,397,716,1049,345,1317,1215,1007,174,363,824,1059,1062,1299,652,492,1184,301,1167,168,0,187,953,530,229,113,617,681,1032,692,1018,1329,404,651,464,1163,603,941,789,1035,283,1315,490,409,1301,275,541,592,275,223,916,408,429,576,263,1127,319,202,95,458,1108,504,501,901,621,108,771,648,351,517,840,404,493,1010,799,590,584,870],\n",
    "[771,498,1178,219,591,910,1243,205,1511,1408,1201,171,261,1018,1253,1256,1492,846,686,1377,312,1361,321,187,0,1147,658,349,203,541,809,1225,820,1212,1523,210,845,658,1356,797,1135,982,1229,414,1509,641,399,1495,175,735,786,400,198,1110,556,333,725,457,1321,512,250,233,511,1302,382,695,1049,815,122,964,842,313,445,988,245,304,1204,992,718,712,1064],\n",
    "[654,919,146,1361,574,247,426,1240,419,309,73,1107,1317,187,311,151,437,379,479,331,1104,392,966,953,1147,0,822,867,953,1491,783,304,655,242,423,1357,462,544,388,407,166,369,82,891,408,802,1157,459,1229,496,539,816,1089,158,659,1303,675,690,352,635,1011,1013,957,205,1457,452,305,425,1040,482,305,1200,1342,379,1329,1446,189,361,882,710,195],\n",
